	MT2.141698	CA1.141704	BB2.141659	CO2.141657	TL3.141709	SN3.141650	SK2.141662	CR1.141682	CF3.141691	BZ1.141724	TL1.141653	GB3.141652	CM1.141723	CL1.141697	HF1.141663	PE7.141734	HF2.141686	GB2.141732	CF1.141675	IE2.141655	PE1.141715	MP2.141695	SN1.141681	DF3.141696	BP1.141702	SR1.141680	SP1.141656	LQ2.141729	VC2.141694	HJ1.141718	KP3.141658	HJ2.141717	SK3.141716	PE6.141700	PE4.141683	SK1.141669	MP1.141661	BF2.141708	BF1.141647	AR3.141705	CF2.141679	SA1.141670	LQ3.141712	AR1.141727	SR3.141674	MT1.141719	IT2.141720	CL3.141664	SF1.141728	SP2.141678	IE1.141648	MD2.141689	KP1.141713	PE5.141692	TL2.141706	HI4.141735	SB1.141730	HI3.141676	CL4.141667	PE3.141731	CO1.141714	RT1.141654	RT2.141710	KP4.141733	DF1.141684	CL2.141671	MD5.141688	IT1.141711	AR2.141703	CO3.141651	HI2.141672	DF2.141726	JT1.141699	GB1.141665	CC1.141721	SF2.141677	VC1.141722
MT2.141698	0.0	0.623818643706	0.750015427505	0.585201193913	0.729023583672	0.622135587669	0.668256792393	0.703994349557	0.786047780681	0.612187296937	0.769487434742	0.591410424311	0.709613476067	0.629049384807	0.721074140996	0.715191246935	0.767502371359	0.644795557007	0.749027796836	0.555610352532	0.76853778717	0.690142042235	0.658718564849	0.673873081997	0.603926305277	0.603690906043	0.607615011168	0.777108180657	0.57577227004	0.688138971514	0.663542767003	0.623242849168	0.632011521017	0.751679524483	0.817835417394	0.607379183764	0.679906170593	0.744182741901	0.736102171794	0.670031653963	0.803759950777	0.61971748908	0.770715603288	0.712475366399	0.641722811563	0.645955243723	0.583912007245	0.648527747869	0.687676734791	0.682971477409	0.622023005007	0.723535914622	0.597228595026	0.803303765392	0.647359717997	0.720703380974	0.706339239166	0.638908047574	0.6443241919	0.769707465284	0.546832634952	0.705303054667	0.678104097684	0.635937466032	0.607990632311	0.637999693901	0.738824858265	0.548425685134	0.690234895061	0.623341372459	0.671669758744	0.642377326541	0.752353863378	0.670346817108	0.609777891382	0.737154702017	0.588651090598
CA1.141704	0.623818643706	0.0	0.774881224555	0.649822398416	0.777203137034	0.629507320436	0.6722939709	0.614588775939	0.842095590482	0.708551620453	0.798438207914	0.580478560492	0.640915542407	0.693549627243	0.788984885041	0.70375539781	0.827044333011	0.569223865187	0.786882590462	0.65414621815	0.81336991845	0.745029809238	0.71339137038	0.75347834544	0.553323273329	0.52957453368	0.604920778591	0.802640337394	0.579967003341	0.743482399334	0.587473518831	0.683384968584	0.702669746108	0.775906646561	0.86325477776	0.722982024321	0.736098269083	0.800180639588	0.765021815718	0.662490111275	0.840961160886	0.566347349084	0.796226538542	0.668118689859	0.543687797334	0.65567574153	0.683001085923	0.707301346348	0.565969760321	0.739885440294	0.693267081857	0.637671652884	0.596434239539	0.83327983806	0.679743032623	0.775090463044	0.576760648687	0.662346749041	0.676048009394	0.807048337104	0.637573572102	0.599168960117	0.612783323055	0.629320898255	0.721391963299	0.675117883821	0.715967174464	0.665958508644	0.660719875497	0.581433893612	0.670928019474	0.669792687859	0.653847812742	0.567841062562	0.665731742138	0.595747465464	0.671197554195
BB2.141659	0.750015427505	0.774881224555	0.0	0.688845424001	0.567470311282	0.721707516043	0.705143323575	0.76595871574	0.643365315885	0.595242839005	0.685469777702	0.740634119429	0.79468225983	0.670028688676	0.571543646161	0.718246377778	0.678450758521	0.781289134172	0.522018264444	0.70957793135	0.640873171371	0.558858931696	0.681663593599	0.58838276397	0.768641001292	0.753265234783	0.766102842505	0.619322658068	0.704018513988	0.540086395629	0.777554878874	0.616521494216	0.611017098633	0.636939695774	0.67141656164	0.608077072754	0.541209509056	0.653665417666	0.508032893061	0.71828613118	0.606265271293	0.752660752964	0.621618119676	0.701906173162	0.790890375961	0.76603356742	0.681721380256	0.708998847157	0.769406110173	0.604862644275	0.689715210709	0.818938895137	0.741045611673	0.648461852604	0.665980960033	0.635563165611	0.800028717498	0.768874565756	0.761089651005	0.597548688229	0.731064936463	0.808249101673	0.781920585422	0.76241309006	0.67286479688	0.746081985598	0.79954133926	0.73982117076	0.742137573494	0.708413963655	0.736115189102	0.786326471624	0.818384242021	0.767096231977	0.700165269238	0.785020811472	0.718446940153
CO2.141657	0.585201193913	0.649822398416	0.688845424001	0.0	0.658853575764	0.661223617505	0.66170676404	0.728373887302	0.732477815021	0.545238070325	0.717564263897	0.598279486436	0.761214081797	0.601389031051	0.691865082423	0.73233350024	0.732619421176	0.701836491614	0.696716953057	0.59059631977	0.743099932677	0.649708301125	0.645416627586	0.647237514114	0.662551151901	0.682995313099	0.656470525567	0.736405770513	0.610758907791	0.618605574788	0.709889453115	0.621399555785	0.595896219305	0.71525758303	0.776624616573	0.528568528421	0.632797877948	0.69266820974	0.688437745152	0.721955284104	0.766005696186	0.656289077199	0.745034444428	0.70619979866	0.693273696618	0.704242670971	0.55808440019	0.62661983271	0.695293729244	0.68122573884	0.65564993398	0.747295821136	0.668552383079	0.76394878127	0.640041649867	0.718011947538	0.704036627445	0.671351261779	0.692660220365	0.733050747348	0.585305790179	0.733966792877	0.73373074596	0.698554724994	0.608903820701	0.696367957657	0.792310092255	0.655139375455	0.704495945368	0.623484681354	0.67809084277	0.685237160733	0.773875167028	0.690232065423	0.668031962983	0.753242643824	0.601801735613
TL3.141709	0.729023583672	0.777203137034	0.567470311282	0.658853575764	0.0	0.711173405838	0.73362014026	0.808351737115	0.586212125883	0.608319379363	0.675683974058	0.756368475035	0.825228167864	0.64739935529	0.567001172179	0.769717122518	0.58871135846	0.805975491153	0.579663232333	0.720331012092	0.641042528472	0.550400215536	0.616504467109	0.588381964601	0.77981565934	0.790885843025	0.765735331514	0.625918000388	0.749081703426	0.567503029835	0.788296926825	0.646386009771	0.633721756851	0.664265688274	0.635726005352	0.57670030508	0.533818457742	0.585937336917	0.510037460577	0.764396592886	0.608861245261	0.765749740565	0.619497847302	0.772293747078	0.764760101777	0.787549599612	0.667441524306	0.687684816218	0.78422576669	0.635952082171	0.712290835112	0.80853305907	0.76405875267	0.671944961277	0.752307545365	0.619078661969	0.791532222762	0.771067558396	0.74999317896	0.61156139431	0.719160929105	0.814998928486	0.826718796767	0.797804375037	0.650454065503	0.721222539981	0.817424271206	0.723908981063	0.781921965883	0.723718756003	0.734737633488	0.801966385617	0.796882477114	0.77367457977	0.758991794371	0.799504997506	0.682113381651
SN3.141650	0.622135587669	0.629507320436	0.721707516043	0.661223617505	0.711173405838	0.0	0.738816718122	0.712980803821	0.79985628947	0.658093719761	0.774539112221	0.655578712697	0.728754010791	0.70056615561	0.728669039614	0.751220191121	0.780333122622	0.668365512637	0.725871280208	0.643284700643	0.780826084231	0.693052511909	0.613442470814	0.679043739677	0.657380763755	0.648543660498	0.632911670833	0.752321955101	0.604033537867	0.696353224902	0.732790459322	0.64754038115	0.644376395465	0.774038168885	0.836479246297	0.64306140939	0.679931955873	0.750036767312	0.700097437339	0.724665484603	0.801108189358	0.609774282532	0.754953315608	0.735421184924	0.627103475811	0.708192384398	0.637818479996	0.689747335992	0.666795186978	0.650653881736	0.674804751256	0.696455055448	0.661804813596	0.805208784579	0.679258975892	0.739613719702	0.656384616331	0.721631383427	0.682357096471	0.775206075613	0.583395837553	0.721221937391	0.713484539768	0.672895430534	0.664343413011	0.650212530452	0.691903513905	0.675478804783	0.716189347385	0.582434706507	0.666943040651	0.736487138632	0.711989539737	0.657197182074	0.684204908076	0.70934719852	0.624771923722
SK2.141662	0.668256792393	0.6722939709	0.705143323575	0.66170676404	0.73362014026	0.738816718122	0.0	0.728524716583	0.810933668792	0.656916765367	0.712868142744	0.630544350439	0.755106256727	0.661513786207	0.754263677937	0.701019563194	0.781126856237	0.689677438939	0.751956735488	0.663040813214	0.765461511711	0.729397231924	0.747940957667	0.713956216978	0.688432939639	0.697419269967	0.702937930236	0.769307905765	0.654658754186	0.68503004028	0.707654129861	0.612926293276	0.65212169992	0.740232911763	0.822723650641	0.703462474396	0.704636770947	0.785118930935	0.716680242446	0.676689895403	0.788896606585	0.69037471468	0.766158846178	0.68670502327	0.71450910672	0.667975373909	0.676232418577	0.683578088424	0.731237130046	0.684569076911	0.659162166258	0.782428796676	0.703907514435	0.813707296114	0.637420913402	0.736712006573	0.75117102601	0.679907452324	0.69089451173	0.776356026885	0.65227643493	0.745576110269	0.737030688806	0.686610786516	0.687532341886	0.7003369697	0.814836906133	0.676179248479	0.700972685423	0.717119644081	0.714342757526	0.661501417319	0.778601535656	0.686693373598	0.648546682204	0.771049735165	0.690445234615
CR1.141682	0.703994349557	0.614588775939	0.76595871574	0.728373887302	0.808351737115	0.712980803821	0.728524716583	0.0	0.845293638054	0.76177352303	0.82014005904	0.658133401062	0.601700808453	0.690370156721	0.790306409885	0.700966077311	0.850246139602	0.625727432574	0.794519808378	0.698676332715	0.831438161462	0.797302761924	0.77590059984	0.772761841083	0.605036445984	0.605885899244	0.677799772269	0.801247727397	0.673382049741	0.767797332075	0.536728272817	0.74312117711	0.74571813544	0.784636321541	0.87108212415	0.756279075437	0.770422918581	0.829908416317	0.791083557062	0.628341781312	0.862400311455	0.706580270641	0.790859532801	0.650694208159	0.665544509953	0.674236766559	0.719568105178	0.703997081178	0.626752248819	0.778987932088	0.72479217335	0.723512327316	0.625021846457	0.842564758581	0.661574683884	0.773898770169	0.63293870621	0.643539930067	0.700961493152	0.802393273495	0.733469029254	0.537889349203	0.527161449773	0.600728279608	0.763277565399	0.701155572482	0.762485955375	0.69612741529	0.645291792422	0.665543803056	0.69147359606	0.668847840365	0.738399655504	0.650475942673	0.66805566232	0.624241143297	0.730467014239
CF3.141691	0.786047780681	0.842095590482	0.643365315885	0.732477815021	0.586212125883	0.79985628947	0.810933668792	0.845293638054	0.0	0.67239725728	0.745870954948	0.80984431734	0.867480801871	0.687404018104	0.608612545888	0.782978175433	0.404293230402	0.854508275848	0.57177793702	0.780988153846	0.576543195686	0.63083311634	0.723563060875	0.64767966436	0.827671383787	0.845628676956	0.815576385655	0.678138129843	0.791226362486	0.669750865313	0.823862263206	0.715264498007	0.710669813497	0.619115378775	0.568630480183	0.646164226949	0.612504059396	0.524114758714	0.617288418235	0.827098036714	0.449751627963	0.817561146937	0.661491011802	0.820951397538	0.85812596747	0.84320770709	0.752662128159	0.732455666288	0.85492217949	0.741339805109	0.769767498529	0.862014307741	0.834156019621	0.612575582001	0.789334747091	0.651922888022	0.861968388955	0.80283326056	0.789219036043	0.573207041434	0.812050024848	0.853244323975	0.857203031184	0.847122408299	0.69450430974	0.800394500359	0.843486639159	0.800571214689	0.830337056743	0.783679578591	0.791870115043	0.837353308693	0.870279633397	0.834785113291	0.810440340012	0.864416339298	0.75125224341
BZ1.141724	0.612187296937	0.708551620453	0.595242839005	0.545238070325	0.608319379363	0.658093719761	0.656916765367	0.76177352303	0.67239725728	0.0	0.675647956966	0.655190021405	0.764234273184	0.59506762636	0.617670646302	0.708848404934	0.664310927521	0.724021788604	0.61825148623	0.577550597127	0.637588955394	0.541673731551	0.612798112952	0.591555826248	0.695797327827	0.699487954656	0.679578148387	0.68866323918	0.633761221263	0.584810403246	0.74949163458	0.58316582145	0.420685619994	0.673783803603	0.706860874112	0.487157866248	0.559232377906	0.644291399574	0.584410372279	0.724806628815	0.680689067641	0.698242359678	0.716720996772	0.708002335244	0.722913973058	0.722947304087	0.557596604974	0.643488637046	0.752590609161	0.567070095581	0.642059250513	0.764543141499	0.695091607803	0.715119295022	0.654492876306	0.670944896276	0.748081777992	0.711526869785	0.686347257979	0.639350987083	0.59212958457	0.766402038294	0.753406179634	0.714516275157	0.583807556924	0.668911338179	0.763287857905	0.663875272829	0.729339221593	0.636383707513	0.6658091029	0.699866137759	0.791555904325	0.715646472106	0.641767345998	0.795638493426	0.546033575778
TL1.141653	0.769487434742	0.798438207914	0.685469777702	0.717564263897	0.675683974058	0.774539112221	0.712868142744	0.82014005904	0.745870954948	0.675647956966	0.0	0.775932358923	0.832495294943	0.76690097101	0.714647231922	0.792199153317	0.742008424564	0.812592569213	0.689795821397	0.747417207649	0.739174890543	0.691843377185	0.735802072866	0.709208608304	0.819455495819	0.816937539208	0.788009019229	0.758738225701	0.776599634854	0.706904779817	0.833718727798	0.726505057037	0.716439499153	0.750576776384	0.770156517293	0.726042942719	0.685396967456	0.733143505569	0.689738311116	0.794817819585	0.735404386187	0.811862227045	0.71768927326	0.793303735659	0.806294507374	0.792290923421	0.710825553575	0.769264716165	0.81890864172	0.661885885151	0.746173628613	0.824201535021	0.801318638142	0.789712809072	0.691311333593	0.733835855882	0.811416220893	0.803732496347	0.795351703021	0.749725410173	0.743694309738	0.820181658639	0.847166957944	0.825808265873	0.761978326587	0.793448885416	0.834465563743	0.782862583981	0.814440163291	0.794274220118	0.803353552616	0.800216050864	0.837554313092	0.798753037752	0.785825496597	0.841125957325	0.753809665376
GB3.141652	0.591410424311	0.580478560492	0.740634119429	0.598279486436	0.756368475035	0.655578712697	0.630544350439	0.658133401062	0.80984431734	0.655190021405	0.775932358923	0.0	0.661058872611	0.655850794234	0.767679974814	0.69464984776	0.798703856224	0.570517448432	0.757466634021	0.625094248607	0.794880075962	0.693363454832	0.715057299307	0.702487920437	0.612360057963	0.596990971817	0.613623202715	0.769806872569	0.589043591871	0.687228451668	0.600569601249	0.638332318269	0.664780132056	0.7574176671	0.845657141767	0.686901792838	0.70119420278	0.76844634613	0.73644440493	0.651857962166	0.81849677106	0.637002772092	0.781269088854	0.673646484735	0.618443851836	0.604607176446	0.667312473496	0.703668578355	0.665770446705	0.704327997232	0.661399357085	0.713685624546	0.622418152425	0.820770423101	0.585301072965	0.765414097754	0.648923366347	0.619635584287	0.682871278622	0.768994811369	0.609542084859	0.645027995919	0.633436141122	0.646048875754	0.706023792849	0.674499818142	0.762974703625	0.654558134304	0.642986581242	0.640280059461	0.653785114324	0.605933132705	0.733306002086	0.584718417716	0.631649108609	0.691786249995	0.617981450245
CM1.141723	0.709613476067	0.640915542407	0.79468225983	0.761214081797	0.825228167864	0.728754010791	0.755106256727	0.601700808453	0.867480801871	0.764234273184	0.832495294943	0.661058872611	0.0	0.728333454851	0.810821142932	0.711429495876	0.869710915629	0.632198788674	0.834298724387	0.708490568047	0.844051645132	0.800955974131	0.780700209997	0.809820204783	0.608584404633	0.636125830036	0.700290967667	0.790644388737	0.699335935903	0.765538115826	0.561738253708	0.760033134241	0.757233195432	0.804457221923	0.891045784174	0.784087437529	0.793415741911	0.833045760549	0.810542214683	0.628796327992	0.857878615755	0.731367671517	0.806676786278	0.645593178816	0.649052330522	0.665766748898	0.766969120228	0.740731392823	0.644310142949	0.762887500664	0.720836670619	0.705368914161	0.608578827134	0.872354637858	0.698246270321	0.771982492976	0.63028752781	0.665463503758	0.723429555393	0.802448219049	0.72807515354	0.552207990619	0.52480366063	0.610872810222	0.780293074221	0.716303344697	0.718719566867	0.712519935471	0.643152625215	0.700352616817	0.706200747841	0.672512138225	0.734413490491	0.652843139655	0.685406323505	0.655604676985	0.722989233692
CL1.141697	0.629049384807	0.693549627243	0.670028688676	0.601389031051	0.64739935529	0.70056615561	0.661513786207	0.690370156721	0.687404018104	0.59506762636	0.76690097101	0.655850794234	0.728333454851	0.0	0.647533638503	0.634501422485	0.674162447688	0.698343312799	0.656680458992	0.637166982921	0.666085959136	0.658391763147	0.725348360898	0.60126327767	0.676616025688	0.693273661062	0.674060604231	0.668859674009	0.66094239762	0.615809991273	0.661463455132	0.591793675006	0.593733981327	0.624394382674	0.712918351849	0.604383655261	0.614805933869	0.652932206683	0.628697700639	0.682458740374	0.703679373489	0.699508288137	0.697784026634	0.674817647195	0.714197527054	0.697042052825	0.635726559161	0.563561774363	0.735032438717	0.667148526205	0.625403091897	0.780635754823	0.662867087215	0.718326131559	0.658958038133	0.672312344869	0.725903235996	0.637225870712	0.628997835814	0.67275690895	0.669958308729	0.720919494495	0.692916327831	0.686988960095	0.611617953821	0.654334930563	0.798856311307	0.656344035187	0.687460263725	0.682072096742	0.652035311639	0.658766056693	0.79980558759	0.708928570094	0.632999038089	0.746929841613	0.624046540029
HF1.141663	0.721074140996	0.788984885041	0.571543646161	0.691865082423	0.567001172179	0.728669039614	0.754263677937	0.790306409885	0.608612545888	0.617670646302	0.714647231922	0.767679974814	0.810821142932	0.647533638503	0.0	0.721191392978	0.542470460415	0.807862557002	0.516604705551	0.720388122672	0.58038862745	0.579565721282	0.67119437694	0.547596128437	0.775409713594	0.784467885947	0.755600219986	0.615216219473	0.724990931911	0.586925835951	0.778906971914	0.632195598247	0.616357115176	0.637262339946	0.618973271602	0.66184830436	0.568115468658	0.523039158543	0.501972746218	0.720485162105	0.546373995501	0.771838694191	0.643869106092	0.72005358344	0.801394358807	0.789553756507	0.704520734848	0.676303888697	0.805970161596	0.639538420583	0.681150396238	0.813171915587	0.757936224245	0.631015058008	0.753637835415	0.63898382778	0.817650699775	0.759316154374	0.733083850087	0.630587544984	0.730682934679	0.80223064274	0.796890549712	0.769145409296	0.590313259013	0.757916228678	0.810345356516	0.754509699513	0.774580664774	0.733599729428	0.742017651724	0.802093609619	0.823662652112	0.780139351571	0.717742812962	0.801880112113	0.726048713945
PE7.141734	0.715191246935	0.70375539781	0.718246377778	0.73233350024	0.769717122518	0.751220191121	0.701019563194	0.700966077311	0.782978175433	0.708848404934	0.792199153317	0.69464984776	0.711429495876	0.634501422485	0.721191392978	0.0	0.78126431231	0.705831813859	0.717144460514	0.685313231481	0.739435629312	0.728813952116	0.792658619105	0.739287694597	0.713472058155	0.686507007893	0.696699212728	0.69133631346	0.676513362997	0.711824029258	0.659572696218	0.667308443127	0.682084593879	0.670112634667	0.808433874162	0.735374794057	0.73997443488	0.759998963246	0.73013486051	0.631487688906	0.793012161967	0.733914178736	0.721913336698	0.627168981952	0.729404443151	0.706337637996	0.72207520614	0.697830237228	0.735130500524	0.738681494452	0.678057542181	0.778599086414	0.697216433251	0.751275778595	0.679002051722	0.697163140931	0.734153033752	0.66873441147	0.696158619389	0.742532394309	0.723795148393	0.663041218683	0.678478357511	0.679605137019	0.68267145675	0.701226039139	0.796117914815	0.703655044214	0.620469938116	0.720634700857	0.675560631272	0.643136838829	0.805451296641	0.714050737222	0.671991028473	0.735499245337	0.71481062106
HF2.141686	0.767502371359	0.827044333011	0.678450758521	0.732619421176	0.58871135846	0.780333122622	0.781126856237	0.850246139602	0.404293230402	0.664310927521	0.742008424564	0.798703856224	0.869710915629	0.674162447688	0.542470460415	0.78126431231	0.0	0.85059365466	0.579458381761	0.772280843384	0.543334793961	0.630736643438	0.710662185552	0.61148908656	0.825292150893	0.833873906629	0.805380497004	0.653193169934	0.790531660352	0.657579411457	0.820833254521	0.70272089946	0.7014022024	0.617180536299	0.552421212108	0.662677098668	0.607275419054	0.521535494816	0.574320532464	0.812986636939	0.515065976451	0.812511956378	0.657356779017	0.810621436236	0.837324910948	0.843212428512	0.740453288116	0.704236317467	0.858134833359	0.709207377982	0.751799779215	0.83482894528	0.815186585444	0.589458144671	0.802200442506	0.641919961292	0.832354869493	0.796961645161	0.774349528666	0.590546637448	0.786399687111	0.84147640971	0.845014518631	0.841069593399	0.676848023492	0.762823532537	0.844229918975	0.783001985872	0.830650595032	0.775082411982	0.774798292035	0.837320063487	0.83558423143	0.834712886289	0.804057888993	0.866965471866	0.739354683306
GB2.141732	0.644795557007	0.569223865187	0.781289134172	0.701836491614	0.805975491153	0.668365512637	0.689677438939	0.625727432574	0.854508275848	0.724021788604	0.812592569213	0.570517448432	0.632198788674	0.698343312799	0.807862557002	0.705831813859	0.85059365466	0.0	0.820854176147	0.661419619864	0.830952144308	0.764298846136	0.735301672902	0.75802079477	0.540085568675	0.597582281264	0.641551120261	0.817763951852	0.637272509117	0.752557540261	0.60632469801	0.704635022883	0.734631324628	0.80640762961	0.888307267868	0.723762359114	0.763231556762	0.830245819812	0.787653390202	0.676334563049	0.871254309256	0.627053421511	0.800007461727	0.708134157663	0.573570628263	0.619003298732	0.702547210291	0.721229643215	0.582158587163	0.748213065689	0.692890973738	0.648449912033	0.617701907552	0.852747149815	0.647556908605	0.784380970094	0.595989105892	0.679822420102	0.699544582973	0.821784732511	0.669096569172	0.612499000458	0.63728293654	0.615762905174	0.742400732706	0.708049189364	0.718801520415	0.672646637915	0.653864235116	0.655643093619	0.711471334309	0.637506966794	0.686399200603	0.54791748669	0.657912874148	0.619859360757	0.666972515444
CF1.141675	0.749027796836	0.786882590462	0.522018264444	0.696716953057	0.579663232333	0.725871280208	0.751956735488	0.794519808378	0.57177793702	0.61825148623	0.689795821397	0.757466634021	0.834298724387	0.656680458992	0.516604705551	0.717144460514	0.579458381761	0.820854176147	0.0	0.721556641711	0.597728603684	0.54425803595	0.715753341413	0.581966793072	0.799713662029	0.796740483967	0.789090197784	0.624402681599	0.717487481093	0.634272988444	0.778216727496	0.672542391151	0.638954918676	0.609996435068	0.635835640272	0.650324460513	0.536043321049	0.547790325281	0.500724618998	0.72891854487	0.565846823555	0.779793205568	0.63394114837	0.738313968938	0.80922700338	0.798394037268	0.688940774769	0.72647377613	0.800196689276	0.63455912951	0.693655429542	0.819685870074	0.776931124267	0.636717876649	0.72726932266	0.643138656695	0.824706827504	0.771172708135	0.740571039591	0.609511939423	0.754481460991	0.803467903997	0.808979524108	0.785065566577	0.643272132995	0.743193110426	0.809876808379	0.768768311298	0.780238317767	0.729659735996	0.746633797894	0.794292127076	0.83111236267	0.79406145742	0.748295941126	0.826114573011	0.729929941658
IE2.141655	0.555610352532	0.65414621815	0.70957793135	0.59059631977	0.720331012092	0.643284700643	0.663040813214	0.698676332715	0.780988153846	0.577550597127	0.747417207649	0.625094248607	0.708490568047	0.637166982921	0.720388122672	0.685313231481	0.772280843384	0.661419619864	0.721556641711	0.0	0.75805680182	0.662352212001	0.672506875438	0.656026631801	0.640804713654	0.621300177574	0.639750839706	0.729352945579	0.554383960129	0.658363971255	0.681762580454	0.629975317031	0.603215547955	0.731953013962	0.808655876355	0.613453198033	0.670769857346	0.727176089034	0.688799564822	0.666469583008	0.785382712673	0.641923179444	0.724706388312	0.679816277681	0.655397239649	0.621679535467	0.551848309855	0.633906360743	0.660811742289	0.643445269862	0.547292601844	0.756685185364	0.590100828513	0.78428656269	0.635536787583	0.698063524541	0.700521015638	0.639730562957	0.621721257394	0.721917424676	0.558870682014	0.69277749655	0.678857892086	0.609895442147	0.586539177877	0.610858823855	0.755015183488	0.55750470941	0.659200555213	0.604627866205	0.641238590219	0.63157956678	0.767262067459	0.642135744811	0.575629768018	0.749825900629	0.596622518765
PE1.141715	0.76853778717	0.81336991845	0.640873171371	0.743099932677	0.641042528472	0.780826084231	0.765461511711	0.831438161462	0.576543195686	0.637588955394	0.739174890543	0.794880075962	0.844051645132	0.666085959136	0.58038862745	0.739435629312	0.543334793961	0.830952144308	0.597728603684	0.75805680182	0.0	0.642549389954	0.752247260956	0.677416397043	0.801746224351	0.826465549434	0.785293996523	0.62914746769	0.768473603236	0.675060320089	0.806100321707	0.70022096614	0.64900992746	0.634430057368	0.562546239735	0.698837565726	0.611635726385	0.641972547026	0.622942954018	0.775403052507	0.613542262818	0.824330025828	0.67115351667	0.771693000837	0.848765644341	0.809745529823	0.716822314233	0.720068988561	0.839309410834	0.674265256773	0.739391148841	0.851876995349	0.804233564917	0.492659505447	0.770556282726	0.665841619224	0.84245753458	0.807231149248	0.778735077247	0.559556071119	0.779299790467	0.835900280944	0.821901627257	0.818007813001	0.664543113278	0.776202329387	0.859386419018	0.779129780349	0.809284930785	0.779703765637	0.781748163162	0.810111921671	0.859609891108	0.823057396979	0.769449228534	0.844845974922	0.753676819182
MP2.141695	0.690142042235	0.745029809238	0.558858931696	0.649708301125	0.550400215536	0.693052511909	0.729397231924	0.797302761924	0.63083311634	0.541673731551	0.691843377185	0.693363454832	0.800955974131	0.658391763147	0.579565721282	0.728813952116	0.630736643438	0.764298846136	0.54425803595	0.662352212001	0.642549389954	0.0	0.642001306845	0.543481777647	0.751973874359	0.746524644815	0.730865162668	0.665469334145	0.680101711847	0.61467274546	0.765149848035	0.599877936377	0.576228181985	0.638164066468	0.674269940433	0.596836885374	0.47989618319	0.52857108149	0.520057040658	0.743433522399	0.62955533914	0.733273949626	0.655470269853	0.741417417782	0.763739290086	0.77446656592	0.608194611875	0.685947115848	0.781580357388	0.581657928499	0.677496015144	0.777538138971	0.738861666311	0.682527681303	0.733228319535	0.651408064239	0.776526652289	0.737660911419	0.728553305596	0.637807039431	0.697238471152	0.787131358667	0.764892547077	0.747220316134	0.639496822247	0.713001336898	0.773973712072	0.726986341899	0.761739312987	0.688870554812	0.698198289794	0.754773504323	0.812225527162	0.738160913689	0.731132350058	0.817997421056	0.627248498247
SN1.141681	0.658718564849	0.71339137038	0.681663593599	0.645416627586	0.616504467109	0.613442470814	0.747940957667	0.77590059984	0.723563060875	0.612798112952	0.735802072866	0.715057299307	0.780700209997	0.725348360898	0.67119437694	0.792658619105	0.710662185552	0.735301672902	0.715753341413	0.672506875438	0.752247260956	0.642001306845	0.0	0.656024657861	0.711973443459	0.719516756757	0.702876215265	0.737950076385	0.686355762758	0.671073813223	0.778125662547	0.69552814759	0.65758600056	0.75605452814	0.768009634736	0.561363074094	0.643432971753	0.704473944001	0.656903899986	0.763090768924	0.708447608054	0.681832655677	0.707373441604	0.771493402732	0.697020114354	0.755828174109	0.666730065602	0.686845651453	0.72325388302	0.657277776682	0.708434727984	0.744909713247	0.719653175639	0.761849513715	0.749793454112	0.703703722891	0.738560554736	0.756492092221	0.736251257924	0.739111641693	0.651231005053	0.782197799431	0.779018894949	0.730441929022	0.672477899258	0.702578022023	0.747181898802	0.713218253378	0.772538077847	0.641694208214	0.699213594998	0.781567979103	0.747283777391	0.719239120668	0.748839463589	0.78989758724	0.667060806268
DF3.141696	0.673873081997	0.75347834544	0.58838276397	0.647237514114	0.588381964601	0.679043739677	0.713956216978	0.772761841083	0.64767966436	0.591555826248	0.709208608304	0.702487920437	0.809820204783	0.60126327767	0.547596128437	0.739287694597	0.61148908656	0.75802079477	0.581966793072	0.656026631801	0.677416397043	0.543481777647	0.656024657861	0.0	0.739925146104	0.758776839262	0.702543391161	0.642515707129	0.699565782816	0.595945367554	0.771984238721	0.597268931004	0.598826077446	0.639234116056	0.655282597918	0.580463713295	0.536785019712	0.587602060471	0.542321674414	0.726056765593	0.640152271273	0.733647990049	0.634432294411	0.738317305452	0.772514804469	0.766164363589	0.628221092985	0.650256715598	0.769960586641	0.609786293613	0.661632842579	0.791630530361	0.748760214145	0.69017060423	0.700708786196	0.638827153174	0.78571241242	0.724313724086	0.711321015235	0.617515764281	0.675160106858	0.788591441473	0.759325830066	0.74923164675	0.576781207626	0.701001732307	0.797082089844	0.705535082668	0.74053272389	0.700002730301	0.699766705266	0.733359695372	0.810037304681	0.7474156335	0.705850689304	0.815181901574	0.650562129095
BP1.141702	0.603926305277	0.553323273329	0.768641001292	0.662551151901	0.77981565934	0.657380763755	0.688432939639	0.605036445984	0.827671383787	0.695797327827	0.819455495819	0.612360057963	0.608584404633	0.676616025688	0.775409713594	0.713472058155	0.825292150893	0.540085568675	0.799713662029	0.640804713654	0.801746224351	0.751973874359	0.711973443459	0.739925146104	0.0	0.57726155031	0.622788614808	0.775265568288	0.603489604933	0.729798205722	0.599734730452	0.669922969161	0.692294732133	0.789479089144	0.866803284804	0.694868688062	0.744191811662	0.804897303758	0.77026573868	0.637023073003	0.842282482653	0.613152761383	0.803525819704	0.658498841843	0.587946496101	0.649908645019	0.669726072284	0.679334870383	0.575283035946	0.719254527979	0.674941750589	0.69257442597	0.557870166947	0.826460927544	0.660754483091	0.76158687167	0.622356753674	0.632171464887	0.658600516586	0.797465330717	0.606910824059	0.597129121106	0.587567574562	0.589071694919	0.677973711639	0.662807719353	0.725325585798	0.650660459254	0.627402544014	0.607597086439	0.64583036031	0.630098615894	0.715634151323	0.599981239423	0.630169212251	0.618108249305	0.641974484904
SR1.141680	0.603690906043	0.52957453368	0.753265234783	0.682995313099	0.790885843025	0.648543660498	0.697419269967	0.605885899244	0.845628676956	0.699487954656	0.816937539208	0.596990971817	0.636125830036	0.693273661062	0.784467885947	0.686507007893	0.833873906629	0.597582281264	0.796740483967	0.621300177574	0.826465549434	0.746524644815	0.719516756757	0.758776839262	0.57726155031	0.0	0.596932852198	0.792987459119	0.605643788127	0.742451890908	0.618968408155	0.674585357393	0.693964973239	0.786648233784	0.863158596778	0.711969767812	0.750626833119	0.813997534317	0.761828881441	0.661378019934	0.847751124787	0.617862685506	0.785332735519	0.660999974105	0.574410718257	0.620314472408	0.672876783106	0.669278638765	0.586883196573	0.731276835924	0.661091455587	0.654967398458	0.579439468036	0.838360101678	0.652321399924	0.759946382107	0.606115722633	0.63374640965	0.67412301638	0.793577021773	0.644697700809	0.623247658621	0.602413042108	0.580721925698	0.703214597147	0.640427327773	0.709081022999	0.644554707776	0.666286951633	0.600125357643	0.658814977739	0.665524904321	0.680599830916	0.586515294428	0.598763372685	0.620170528419	0.653742154317
SP1.141656	0.607615011168	0.604920778591	0.766102842505	0.656470525567	0.765735331514	0.632911670833	0.702937930236	0.677799772269	0.815576385655	0.679578148387	0.788009019229	0.613623202715	0.700290967667	0.674060604231	0.755600219986	0.696699212728	0.805380497004	0.641551120261	0.789090197784	0.639750839706	0.785293996523	0.730865162668	0.702876215265	0.702543391161	0.622788614808	0.596932852198	0.0	0.770222729651	0.633551573127	0.715642325755	0.685439005767	0.660890349453	0.665932272809	0.750862572713	0.839808721493	0.678140769177	0.728633994458	0.787214982166	0.752405977806	0.691033640899	0.830881862167	0.640089711508	0.771834413665	0.682526116327	0.629184384416	0.694016495009	0.67109306704	0.701743588686	0.662693170566	0.72398302997	0.667427869824	0.677649207315	0.634660300825	0.814816141547	0.675568451464	0.743015633589	0.655181469635	0.682055860074	0.665298565467	0.786171664305	0.617758749872	0.664668430761	0.658684218843	0.642135658303	0.710211899054	0.664471831779	0.755723017533	0.675931615592	0.652531892876	0.633255674659	0.670985738666	0.672000756971	0.731446453254	0.639273360196	0.640455816126	0.702841764811	0.647099142327
LQ2.141729	0.777108180657	0.802640337394	0.619322658068	0.736405770513	0.625918000388	0.752321955101	0.769307905765	0.801247727397	0.678138129843	0.68866323918	0.758738225701	0.769806872569	0.790644388737	0.668859674009	0.615216219473	0.69133631346	0.653193169934	0.817763951852	0.624402681599	0.729352945579	0.62914746769	0.665469334145	0.737950076385	0.642515707129	0.775265568288	0.792987459119	0.770222729651	0.0	0.765021529076	0.62726159583	0.767607307046	0.691809618033	0.671455493225	0.541947058133	0.667697967941	0.688147801477	0.651887338124	0.6591770259	0.620047765016	0.732428537619	0.672687535974	0.816726520203	0.546621099707	0.719734604212	0.814327912835	0.802523207994	0.730409147571	0.714007042844	0.818831282778	0.705225132427	0.702162714027	0.822498097914	0.765099752971	0.623031822733	0.740109792062	0.57635879862	0.813531895451	0.757612609585	0.744106653991	0.562088689047	0.75632214782	0.80426846855	0.792794089524	0.76305272702	0.650737066965	0.760125477271	0.796783518756	0.755262838868	0.717834115207	0.740517988335	0.733997634204	0.785407257395	0.823556874858	0.813131715342	0.722555712194	0.784837797027	0.736256629155
VC2.141694	0.57577227004	0.579967003341	0.704018513988	0.610758907791	0.749081703426	0.604033537867	0.654658754186	0.673382049741	0.791226362486	0.633761221263	0.776599634854	0.589043591871	0.699335935903	0.66094239762	0.724990931911	0.676513362997	0.790531660352	0.637272509117	0.717487481093	0.554383960129	0.768473603236	0.680101711847	0.686355762758	0.699565782816	0.603489604933	0.605643788127	0.633551573127	0.765021529076	0.0	0.688300394331	0.64878056534	0.609250070453	0.635196078661	0.741466762613	0.827697892562	0.662062512459	0.67347671478	0.751762243713	0.718921063	0.626119951845	0.79417234219	0.608002973076	0.764559484166	0.646589534382	0.647891503131	0.645883227352	0.625639200337	0.671195129648	0.653086501158	0.689612008614	0.614229276143	0.701472835964	0.58097626721	0.784721507876	0.6334758034	0.74024842167	0.683393603285	0.63255613492	0.675704338875	0.755947246057	0.61537252243	0.684406530762	0.671424326923	0.623510513388	0.643045089521	0.64901357385	0.723627410917	0.610448154896	0.666630000435	0.559622627222	0.640100394613	0.657757960437	0.733016266193	0.632205540618	0.607309311375	0.708633642995	0.624195166828
HJ1.141718	0.688138971514	0.743482399334	0.540086395629	0.618605574788	0.567503029835	0.696353224902	0.68503004028	0.767797332075	0.669750865313	0.584810403246	0.706904779817	0.687228451668	0.765538115826	0.615809991273	0.586925835951	0.711824029258	0.657579411457	0.752557540261	0.634272988444	0.658363971255	0.675060320089	0.61467274546	0.671073813223	0.595945367554	0.729798205722	0.742451890908	0.715642325755	0.62726159583	0.688300394331	0.0	0.738648151827	0.575303225467	0.613891779081	0.643754013958	0.730182591433	0.574677666212	0.575421809634	0.647764623139	0.56575903369	0.715734178422	0.66495816764	0.750415949376	0.665927323628	0.708864331649	0.7473772166	0.749233205527	0.636163010893	0.668585615393	0.783717395806	0.626971951325	0.674471088195	0.800297817061	0.720431182785	0.69829621982	0.677900284177	0.636813072889	0.761222833579	0.723617678874	0.725798964935	0.622464766437	0.661106694649	0.766679645665	0.765319356404	0.760665363355	0.633753248497	0.716538436102	0.791758712893	0.694503340479	0.712008131444	0.678182341541	0.691886767081	0.757072995839	0.804335796976	0.749712807783	0.708930656041	0.774903625485	0.661633322717
KP3.141658	0.663542767003	0.587473518831	0.777554878874	0.709889453115	0.788296926825	0.732790459322	0.707654129861	0.536728272817	0.823862263206	0.74949163458	0.833718727798	0.600569601249	0.561738253708	0.661463455132	0.778906971914	0.659572696218	0.820833254521	0.60632469801	0.778216727496	0.681762580454	0.806100321707	0.765149848035	0.778125662547	0.771984238721	0.599734730452	0.618968408155	0.685439005767	0.767607307046	0.64878056534	0.738648151827	0.0	0.694078278746	0.749554074196	0.741096558343	0.860358660673	0.754802251284	0.747042201249	0.800483082379	0.769063049092	0.554561199632	0.832375680621	0.67890600931	0.770861352185	0.58494965455	0.655385347746	0.644611447599	0.726621080567	0.679767340809	0.645166357951	0.777515713112	0.694979281374	0.707415582036	0.599623341024	0.821092291923	0.688859585374	0.767783625246	0.646863531162	0.579012638025	0.682937472884	0.786946902043	0.696584182766	0.510259781049	0.526843542427	0.605640881259	0.727363811097	0.699305805549	0.748575094794	0.661015658726	0.596629769228	0.682860320975	0.654390056145	0.620318553435	0.717781042804	0.676257719456	0.678453591115	0.642171276039	0.696388233282
HJ2.141717	0.623242849168	0.683384968584	0.616521494216	0.621399555785	0.646386009771	0.64754038115	0.612926293276	0.74312117711	0.715264498007	0.58316582145	0.726505057037	0.638332318269	0.760033134241	0.591793675006	0.632195598247	0.667308443127	0.70272089946	0.704635022883	0.672542391151	0.629975317031	0.70022096614	0.599877936377	0.69552814759	0.597268931004	0.669922969161	0.674585357393	0.660890349453	0.691809618033	0.609250070453	0.575303225467	0.694078278746	0.0	0.549822753759	0.658474110331	0.756791960162	0.638052587844	0.558068694746	0.670648899432	0.593745864836	0.663465828549	0.705980977831	0.659416722839	0.695802101222	0.657257953017	0.719510061623	0.68667621711	0.603444631008	0.615387472817	0.722642456745	0.628435319941	0.602398447445	0.771150233203	0.684741439653	0.719288011715	0.640165236573	0.669319693844	0.744395341089	0.663382372847	0.648116648306	0.671090618106	0.604626874048	0.735945230766	0.71336634027	0.667573619094	0.578819790803	0.665041350343	0.754870711342	0.639638885207	0.653623339859	0.676055856557	0.670228874601	0.669421131806	0.764908671391	0.703301083165	0.625272690157	0.749842535442	0.589150479962
SK3.141716	0.632011521017	0.702669746108	0.611017098633	0.595896219305	0.633721756851	0.644376395465	0.65212169992	0.74571813544	0.710669813497	0.420685619994	0.716439499153	0.664780132056	0.757233195432	0.593733981327	0.616357115176	0.682084593879	0.7014022024	0.734631324628	0.638954918676	0.603215547955	0.64900992746	0.576228181985	0.65758600056	0.598826077446	0.692294732133	0.693964973239	0.665932272809	0.671455493225	0.635196078661	0.613891779081	0.749554074196	0.549822753759	0.0	0.682496121961	0.735657735828	0.557448773753	0.598126829287	0.661727453415	0.620324538191	0.70657314614	0.692731344341	0.699866287045	0.695776950746	0.683301521638	0.739070164833	0.720149365039	0.55611871384	0.65499330534	0.743665783339	0.577574885375	0.624770572908	0.778170405365	0.69162565452	0.713030746706	0.667930986705	0.669047980689	0.758373030889	0.713207708099	0.666612630579	0.681876962433	0.596660870018	0.762145761172	0.743484047983	0.682477610614	0.555103765408	0.675353791249	0.773667127149	0.669975794378	0.687168238191	0.654470462686	0.671215808841	0.69285590226	0.799890943061	0.708076206944	0.625014998059	0.781527377875	0.600731431793
PE6.141700	0.751679524483	0.775906646561	0.636939695774	0.71525758303	0.664265688274	0.774038168885	0.740232911763	0.784636321541	0.619115378775	0.673783803603	0.750576776384	0.7574176671	0.804457221923	0.624394382674	0.637262339946	0.670112634667	0.617180536299	0.80640762961	0.609996435068	0.731953013962	0.634430057368	0.638164066468	0.75605452814	0.639234116056	0.789479089144	0.786648233784	0.750862572713	0.541947058133	0.741466762613	0.643754013958	0.741096558343	0.658474110331	0.682496121961	0.0	0.658715636087	0.679462715213	0.631454960108	0.632877138995	0.605872158601	0.718650502919	0.630085741909	0.794197810549	0.573943921491	0.72034188705	0.806392924475	0.791514919784	0.714619380849	0.686561097169	0.813040875716	0.69758374215	0.686448768616	0.810938838215	0.762868806889	0.557241684717	0.740786266049	0.608006463341	0.811199273974	0.730822645608	0.721597962065	0.559185085837	0.763542680283	0.775667676266	0.778593245527	0.759633090938	0.660890139752	0.723916446967	0.813131561376	0.731246224759	0.721740102905	0.742227921757	0.730025816612	0.766206235167	0.817515606446	0.793238990134	0.756634587569	0.82213241336	0.716092503646
