	MT2.141698	CA1.141704	BB2.141659	CO2.141657	TL3.141709	SN3.141650	SK2.141662	CR1.141682	CF3.141691	BZ1.141724	TL1.141653	GB3.141652	CM1.141723	CL1.141697	HF1.141663	PE7.141734	HF2.141686	GB2.141732	CF1.141675	IE2.141655	PE1.141715	MP2.141695	SN1.141681	DF3.141696	BP1.141702	SR1.141680	SP1.141656	LQ2.141729	VC2.141694	HJ1.141718	KP3.141658	HJ2.141717	SK3.141716	PE6.141700	PE4.141683	SK1.141669	MP1.141661	BF2.141708	BF1.141647	AR3.141705	CF2.141679	SA1.141670	LQ3.141712	AR1.141727	SR3.141674	MT1.141719	IT2.141720	CL3.141664	SF1.141728	SP2.141678	IE1.141648	MD2.141689	KP1.141713	PE5.141692	TL2.141706	HI4.141735	SB1.141730	HI3.141676	CL4.141667	PE3.141731	CO1.141714	RT1.141654	RT2.141710	KP4.141733	DF1.141684	CL2.141671	MD5.141688	IT1.141711	AR2.141703	CO3.141651	HI2.141672	DF2.141726	JT1.141699	GB1.141665	CC1.141721	SF2.141677	VC1.141722
MT2.141698	0.0	0.633372716499	0.681806912169	0.682458740374	0.71828613118	0.724806628815	0.676334563049	0.755592102494	0.726056765593	0.743253245654	0.701678130683	0.723405709421	0.732428537619	0.69954159793	0.781929854877	0.719802986644	0.670031653963	0.675901663947	0.812986636939	0.743433522399	0.663465828549	0.63347014664	0.722669292316	0.637023073003	0.674429968665	0.775403052507	0.66044650156	0.76917646743	0.721955284104	0.697809518734	0.596307358025	0.720485162105	0.691033640899	0.72891854487	0.752381135463	0.716082840684	0.706711719503	0.834042240918	0.687396274195	0.699952143607	0.628796327992	0.662635370153	0.792419082209	0.715734178422	0.699913308079	0.764396592886	0.815197740833	0.641564295673	0.628341781312	0.662490111275	0.591116548761	0.661378019934	0.676936881093	0.554561199632	0.601322859325	0.627779085237	0.666469583008	0.731407391182	0.746728974475	0.724665484603	0.764302927383	0.554952410016	0.696752521395	0.763090768924	0.718650502919	0.520080216917	0.631487688906	0.827098036714	0.70657314614	0.672557792912	0.676689895403	0.651857962166	0.794817819585	0.801381228321	0.626119951845	0.645229783977	0.753505787596
CA1.141704	0.633372716499	0.0	0.671938218014	0.658766056693	0.786326471624	0.699866137759	0.637506966794	0.739953395435	0.733359695372	0.69798582882	0.698575139895	0.750978599312	0.785407257395	0.65813608868	0.787443350419	0.774451629137	0.642377326541	0.735858984478	0.837320063487	0.754773504323	0.669421131806	0.676074798406	0.664407703643	0.630098615894	0.675065526735	0.810111921671	0.649054273784	0.783325978714	0.685237160733	0.678062459275	0.63062593102	0.802093609619	0.672000756971	0.794292127076	0.733282879514	0.676685981802	0.7427678449	0.842713041626	0.674610959746	0.690231809977	0.672512138225	0.658454251849	0.810080675605	0.757072995839	0.656629695543	0.801966385617	0.837044565955	0.607702359723	0.668847840365	0.669792687859	0.641626981384	0.665524904321	0.609777479343	0.620318553435	0.60819484597	0.611838934827	0.63157956678	0.77131560807	0.774214993307	0.736487138632	0.766384467403	0.623901447383	0.69109825395	0.781567979103	0.766206235167	0.664490015724	0.643136838829	0.837353308693	0.69285590226	0.674595044051	0.661501417319	0.605933132705	0.800216050864	0.83533369105	0.657757960437	0.688131700874	0.784432050216
BB2.141659	0.681806912169	0.671938218014	0.0	0.708928570094	0.767096231977	0.715646472106	0.54791748669	0.728288601761	0.7474156335	0.635788740883	0.740716481154	0.760863599319	0.813131715342	0.694752965114	0.701584219537	0.781646037335	0.670346817108	0.651855937447	0.834712886289	0.738160913689	0.703301083165	0.643247481759	0.666445560226	0.599981239423	0.689092598197	0.823057396979	0.638179440305	0.808266264357	0.690232065423	0.6681814162	0.632139601916	0.780139351571	0.639273360196	0.79406145742	0.741811877346	0.591581612652	0.64381334285	0.87432610868	0.727504166323	0.569862994887	0.652843139655	0.681009231245	0.804491910933	0.749712807783	0.684791975308	0.77367457977	0.844669078734	0.63932281713	0.650475942673	0.567841062562	0.654205330011	0.586515294428	0.646014313239	0.676257719456	0.630329837074	0.674713911835	0.642135744811	0.788935754035	0.762639120392	0.657197182074	0.661735291211	0.685518478328	0.573571900696	0.719239120668	0.793238990134	0.702108920727	0.714050737222	0.834785113291	0.708076206944	0.689798533136	0.686693373598	0.584718417716	0.798753037752	0.838286154993	0.632205540618	0.698790143755	0.658179044426
CO2.141657	0.682458740374	0.658766056693	0.708928570094	0.0	0.670028688676	0.59506762636	0.698343312799	0.604383655261	0.60126327767	0.725903235996	0.611617953821	0.614805933869	0.668859674009	0.635726559161	0.798856311307	0.672312344869	0.629049384807	0.682072096742	0.674162447688	0.658391763147	0.591793675006	0.720919494495	0.624046540029	0.676616025688	0.628997835814	0.666085959136	0.658958038133	0.67275690895	0.601389031051	0.669958308729	0.662867087215	0.647533638503	0.674060604231	0.656680458992	0.667148526205	0.699508288137	0.746929841613	0.712918351849	0.563561774363	0.714197527054	0.728333454851	0.625403091897	0.652932206683	0.615809991273	0.656344035187	0.64739935529	0.703679373489	0.632999038089	0.690370156721	0.693549627243	0.692916327831	0.693273661062	0.697042052825	0.661463455132	0.686988960095	0.637225870712	0.637166982921	0.697784026634	0.628697700639	0.70056615561	0.780635754823	0.687460263725	0.735032438717	0.725348360898	0.624394382674	0.674817647195	0.634501422485	0.687404018104	0.593733981327	0.654334930563	0.661513786207	0.655850794234	0.76690097101	0.718326131559	0.66094239762	0.652035311639	0.79980558759
TL3.141709	0.71828613118	0.786326471624	0.767096231977	0.670028688676	0.0	0.595242839005	0.781289134172	0.608077072754	0.58838276397	0.800028717498	0.67286479688	0.541209509056	0.619322658068	0.681721380256	0.79954133926	0.635563165611	0.750015427505	0.708413963655	0.678450758521	0.558858931696	0.616521494216	0.808249101673	0.718446940153	0.768641001292	0.761089651005	0.640873171371	0.665980960033	0.597548688229	0.688845424001	0.731064936463	0.741045611673	0.571543646161	0.766102842505	0.522018264444	0.604862644275	0.752660752964	0.785020811472	0.67141656164	0.708998847157	0.790890375961	0.79468225983	0.689715210709	0.653665417666	0.540086395629	0.73982117076	0.567470311282	0.606265271293	0.700165269238	0.76595871574	0.774881224555	0.781920585422	0.753265234783	0.76603356742	0.777554878874	0.76241309006	0.768874565756	0.70957793135	0.621618119676	0.508032893061	0.721707516043	0.818938895137	0.742137573494	0.769406110173	0.681663593599	0.636939695774	0.701906173162	0.718246377778	0.643365315885	0.611017098633	0.746081985598	0.705143323575	0.740634119429	0.685469777702	0.648461852604	0.704018513988	0.736115189102	0.818384242021
SN3.141650	0.724806628815	0.699866137759	0.715646472106	0.59506762636	0.595242839005	0.0	0.724021788604	0.487157866248	0.591555826248	0.748081777992	0.583807556924	0.559232377906	0.68866323918	0.557596604974	0.763287857905	0.670944896276	0.612187296937	0.636383707513	0.664310927521	0.541673731551	0.58316582145	0.766402038294	0.546033575778	0.695797327827	0.686347257979	0.637588955394	0.654492876306	0.639350987083	0.545238070325	0.59212958457	0.695091607803	0.617670646302	0.679578148387	0.61825148623	0.567070095581	0.698242359678	0.795638493426	0.706860874112	0.643488637046	0.722913973058	0.764234273184	0.642059250513	0.644291399574	0.584810403246	0.663875272829	0.608319379363	0.680689067641	0.641767345998	0.76177352303	0.708551620453	0.753406179634	0.699487954656	0.722947304087	0.74949163458	0.714516275157	0.711526869785	0.577550597127	0.716720996772	0.584410372279	0.658093719761	0.764543141499	0.729339221593	0.752590609161	0.612798112952	0.673783803603	0.708002335244	0.708848404934	0.67239725728	0.420685619994	0.668911338179	0.656916765367	0.655190021405	0.675647956966	0.715119295022	0.633761221263	0.6658091029	0.791555904325
SK2.141662	0.676334563049	0.637506966794	0.54791748669	0.698343312799	0.781289134172	0.724021788604	0.0	0.723762359114	0.75802079477	0.595989105892	0.742400732706	0.763231556762	0.817763951852	0.702547210291	0.718801520415	0.784380970094	0.644795557007	0.655643093619	0.85059365466	0.764298846136	0.704635022883	0.612499000458	0.666972515444	0.540085568675	0.699544582973	0.830952144308	0.647556908605	0.821784732511	0.701836491614	0.669096569172	0.617701907552	0.807862557002	0.641551120261	0.820854176147	0.748213065689	0.627053421511	0.619859360757	0.888307267868	0.721229643215	0.573570628263	0.632198788674	0.692890973738	0.830245819812	0.752557540261	0.672646637915	0.805975491153	0.871254309256	0.657912874148	0.625727432574	0.569223865187	0.63728293654	0.597582281264	0.619003298732	0.60632469801	0.615762905174	0.679822420102	0.661419619864	0.800007461727	0.787653390202	0.668365512637	0.648449912033	0.653864235116	0.582158587163	0.735301672902	0.80640762961	0.708134157663	0.705831813859	0.854508275848	0.734631324628	0.708049189364	0.689677438939	0.570517448432	0.812592569213	0.852747149815	0.637272509117	0.711471334309	0.686399200603
CR1.141682	0.755592102494	0.739953395435	0.728288601761	0.604383655261	0.608077072754	0.487157866248	0.723762359114	0.0	0.580463713295	0.737697885488	0.579824563629	0.592785302934	0.688147801477	0.558805433879	0.757081612647	0.650675895164	0.607379183764	0.610234843768	0.662677098668	0.596836885374	0.638052587844	0.771260560132	0.604691207198	0.694868688062	0.700610350999	0.698837565726	0.692481791413	0.638774092157	0.528568528421	0.618776509347	0.696518184205	0.66184830436	0.678140769177	0.650324460513	0.621973143935	0.670034220113	0.793592144666	0.716625027433	0.637560442892	0.722192260605	0.784087437529	0.688391017146	0.678608093017	0.574677666212	0.654962631714	0.57670030508	0.718127479006	0.702592895846	0.756279075437	0.722982024321	0.755647772745	0.711969767812	0.737578268904	0.754802251284	0.722397403993	0.72258074314	0.613453198033	0.677418359672	0.63566667384	0.64306140939	0.770212676196	0.735566236418	0.732183651864	0.561363074094	0.679462715213	0.745730505547	0.735374794057	0.646164226949	0.557448773753	0.689960912544	0.703462474396	0.686901792838	0.726042942719	0.712587602549	0.662062512459	0.667556224204	0.794103080799
CF3.141691	0.726056765593	0.733359695372	0.7474156335	0.60126327767	0.58838276397	0.591555826248	0.75802079477	0.580463713295	0.0	0.78571241242	0.576781207626	0.536785019712	0.642515707129	0.628221092985	0.797082089844	0.638827153174	0.673873081997	0.700002730301	0.61148908656	0.543481777647	0.597268931004	0.788591441473	0.650562129095	0.739925146104	0.711321015235	0.677416397043	0.700708786196	0.617515764281	0.647237514114	0.675160106858	0.748760214145	0.547596128437	0.702543391161	0.581966793072	0.609786293613	0.733647990049	0.815181901574	0.655282597918	0.650256715598	0.772514804469	0.809820204783	0.661632842579	0.587602060471	0.595945367554	0.705535082668	0.588381964601	0.640152271273	0.705850689304	0.772761841083	0.75347834544	0.759325830066	0.758776839262	0.766164363589	0.771984238721	0.74923164675	0.724313724086	0.656026631801	0.634432294411	0.542321674414	0.679043739677	0.791630530361	0.74053272389	0.769960586641	0.656024657861	0.639234116056	0.738317305452	0.739287694597	0.64767966436	0.598826077446	0.701001732307	0.713956216978	0.702487920437	0.709208608304	0.69017060423	0.699565782816	0.699766705266	0.810037304681
BZ1.141724	0.743253245654	0.69798582882	0.635788740883	0.725903235996	0.800028717498	0.748081777992	0.595989105892	0.737697885488	0.78571241242	0.0	0.76748481807	0.778341140334	0.813531895451	0.719090463059	0.676180792262	0.797602439106	0.706339239166	0.667555300666	0.832354869493	0.776526652289	0.744395341089	0.62336276787	0.691027079308	0.622356753674	0.721311356588	0.84245753458	0.724432031374	0.829995954955	0.704036627445	0.676506465173	0.67660349476	0.817650699775	0.655181469635	0.824706827504	0.751464296904	0.664379000305	0.602397181736	0.878043417414	0.731773301766	0.546907832326	0.63028752781	0.731782077174	0.8277051693	0.761222833579	0.704128502664	0.791532222762	0.867818704287	0.718368142769	0.63293870621	0.576760648687	0.645648018526	0.606115722633	0.699408484092	0.646863531162	0.675388404964	0.67354677407	0.700521015638	0.807142072061	0.78047214457	0.656384616331	0.611189386183	0.706065862944	0.563987407416	0.738560554736	0.811199273974	0.737876733091	0.734153033752	0.861968388955	0.758373030889	0.701839526896	0.75117102601	0.648923366347	0.811416220893	0.843913055883	0.683393603285	0.701378423054	0.606148903652
TL1.141653	0.701678130683	0.698575139895	0.740716481154	0.611617953821	0.67286479688	0.583807556924	0.742400732706	0.579824563629	0.576781207626	0.76748481807	0.0	0.61789572581	0.650737066965	0.573951892207	0.763958747648	0.652795888116	0.607990632311	0.665652272039	0.676848023492	0.639496822247	0.578819790803	0.763332547854	0.625394618704	0.677973711639	0.643259254526	0.664543113278	0.68776758646	0.639154526515	0.608903820701	0.616184188104	0.666532026187	0.590313259013	0.710211899054	0.643272132995	0.63301526395	0.711629317917	0.790114447638	0.708484100047	0.588915285793	0.739354552245	0.780293074221	0.615224040933	0.609507009231	0.633753248497	0.641223551335	0.650454065503	0.688808157896	0.627635952917	0.763277565399	0.721391963299	0.732933778071	0.703214597147	0.709265300117	0.727363811097	0.676664748419	0.698221952934	0.586539177877	0.678355658879	0.619273812078	0.664343413011	0.786822081346	0.698591811611	0.742578447847	0.672477899258	0.660890139752	0.707582440698	0.68267145675	0.69450430974	0.555103765408	0.663759036791	0.687532341886	0.706023792849	0.761978326587	0.712233126054	0.643045089521	0.692072117381	0.788182876064
GB3.141652	0.723405709421	0.750978599312	0.760863599319	0.614805933869	0.541209509056	0.559232377906	0.763231556762	0.592785302934	0.536785019712	0.778341140334	0.61789572581	0.0	0.651887338124	0.649859115734	0.763505611809	0.623082263296	0.679906170593	0.682097391351	0.607275419054	0.47989618319	0.558068694746	0.778459933422	0.662843626164	0.744191811662	0.70630203589	0.611635726385	0.686932621964	0.618855195415	0.632797877948	0.691858377318	0.737240933539	0.568115468658	0.728633994458	0.536043321049	0.593373896475	0.727306934921	0.808222184229	0.677224341261	0.663430387984	0.765096971398	0.793415741911	0.645793622468	0.567783789945	0.575421809634	0.702448361812	0.533818457742	0.63050963653	0.704545886256	0.770422918581	0.736098269083	0.782143096151	0.750626833119	0.756142927476	0.747042201249	0.750063527483	0.719585971278	0.670769857346	0.655469322307	0.503660645019	0.679931955873	0.784846366474	0.742190284918	0.777669170833	0.643432971753	0.631454960108	0.715685677309	0.73997443488	0.612504059396	0.598126829287	0.716331009803	0.704636770947	0.70119420278	0.685396967456	0.65102567388	0.67347671478	0.685587015046	0.795903573241
CM1.141723	0.732428537619	0.785407257395	0.813131715342	0.668859674009	0.619322658068	0.68866323918	0.817763951852	0.688147801477	0.642515707129	0.813531895451	0.650737066965	0.651887338124	0.0	0.730409147571	0.796783518756	0.57635879862	0.777108180657	0.740517988335	0.653193169934	0.665469334145	0.691809618033	0.80426846855	0.736256629155	0.775265568288	0.744106653991	0.62914746769	0.740109792062	0.562088689047	0.736405770513	0.75632214782	0.765099752971	0.615216219473	0.770222729651	0.624402681599	0.705225132427	0.816726520203	0.784837797027	0.667697967941	0.714007042844	0.814327912835	0.790644388737	0.702162714027	0.6591770259	0.62726159583	0.755262838868	0.625918000388	0.672687535974	0.722555712194	0.801247727397	0.802640337394	0.792794089524	0.792987459119	0.802523207994	0.767607307046	0.76305272702	0.757612609585	0.729352945579	0.546621099707	0.620047765016	0.752321955101	0.822498097914	0.717834115207	0.818831282778	0.737950076385	0.541947058133	0.719734604212	0.69133631346	0.678138129843	0.671455493225	0.760125477271	0.769307905765	0.769806872569	0.758738225701	0.623031822733	0.765021529076	0.733997634204	0.823556874858
CL1.141697	0.69954159793	0.65813608868	0.694752965114	0.635726559161	0.681721380256	0.557596604974	0.702547210291	0.558805433879	0.628221092985	0.719090463059	0.573951892207	0.649859115734	0.730409147571	0.0	0.76949033479	0.688469142929	0.583912007245	0.642621594503	0.740453288116	0.608194611875	0.603444631008	0.745547617226	0.553624269786	0.669726072284	0.659954644281	0.716822314233	0.651442955673	0.700609205659	0.55808440019	0.577556533751	0.644989351228	0.704520734848	0.67109306704	0.688940774769	0.638866502216	0.664821048319	0.781553667162	0.784784161698	0.628928861131	0.698687143741	0.766969120228	0.580616234218	0.69786995335	0.636163010893	0.581866935414	0.667441524306	0.774365005922	0.632961411475	0.719568105178	0.683001085923	0.708257360741	0.672876783106	0.688604534907	0.726621080567	0.653487354123	0.670555842835	0.551848309855	0.71282366868	0.651723855999	0.637818479996	0.781752220542	0.689607722497	0.704710228781	0.666730065602	0.714619380849	0.695302373061	0.72207520614	0.752662128159	0.55611871384	0.637610364325	0.676232418577	0.667312473496	0.710825553575	0.771462654834	0.625639200337	0.6673408635	0.77258980636
HF1.141663	0.781929854877	0.787443350419	0.701584219537	0.798856311307	0.79954133926	0.763287857905	0.718801520415	0.757081612647	0.797082089844	0.676180792262	0.763958747648	0.763505611809	0.796783518756	0.76949033479	0.0	0.791884960402	0.738824858265	0.67996886267	0.844229918975	0.773973712072	0.754870711342	0.74767893416	0.765687213281	0.725325585798	0.767795932699	0.859386419018	0.779592741263	0.810537340811	0.792310092255	0.741186637026	0.748551142549	0.810345356516	0.755723017533	0.809876808379	0.776792781962	0.718224757373	0.691451273685	0.886996809501	0.765989298906	0.70054854872	0.718719566867	0.763516342308	0.818732233837	0.791758712893	0.769892567953	0.817424271206	0.84988910495	0.769442532957	0.762485955375	0.715967174464	0.747459334916	0.709081022999	0.768378491802	0.748575094794	0.747140352589	0.770379444327	0.755015183488	0.813434355611	0.782591296467	0.691903513905	0.581376043515	0.774493129765	0.706500723668	0.747181898802	0.813131561376	0.779629511962	0.796117914815	0.843486639159	0.773667127149	0.75586127484	0.814836906133	0.762974703625	0.834465563743	0.86399964263	0.723627410917	0.764469079194	0.600801032203
PE7.141734	0.719802986644	0.774451629137	0.781646037335	0.672312344869	0.635563165611	0.670944896276	0.784380970094	0.650675895164	0.638827153174	0.797602439106	0.652795888116	0.623082263296	0.57635879862	0.688469142929	0.791884960402	0.0	0.720703380974	0.732668871149	0.641919961292	0.651408064239	0.669319693844	0.788263977955	0.70871419488	0.76158687167	0.726198541154	0.665841619224	0.709010186346	0.58972626899	0.718011947538	0.750898346467	0.744349111677	0.63898382778	0.743015633589	0.643138656695	0.645318508876	0.783121034688	0.795109384722	0.692494616948	0.662521769868	0.758264423265	0.771982492976	0.653432130846	0.636970121484	0.636813072889	0.734356909401	0.619078661969	0.689966361843	0.723874235505	0.773898770169	0.775090463044	0.785930052473	0.759946382107	0.787087506899	0.767783625246	0.75420305566	0.751196662674	0.698063524541	0.619243721945	0.612951362287	0.739613719702	0.810490726306	0.732345563792	0.79189171523	0.703703722891	0.608006463341	0.745429241572	0.697163140931	0.651922888022	0.669047980689	0.716311583619	0.736712006573	0.765414097754	0.733835855882	0.715725365039	0.74024842167	0.721669842323	0.805686322006
HF2.141686	0.670031653963	0.642377326541	0.670346817108	0.629049384807	0.750015427505	0.612187296937	0.644795557007	0.607379183764	0.673873081997	0.706339239166	0.607990632311	0.679906170593	0.777108180657	0.583912007245	0.738824858265	0.720703380974	0.0	0.623341372459	0.767502371359	0.690142042235	0.623242849168	0.705303054667	0.588651090598	0.603926305277	0.6443241919	0.76853778717	0.647359717997	0.769707465284	0.585201193913	0.546832634952	0.597228595026	0.721074140996	0.607615011168	0.749027796836	0.682971477409	0.61971748908	0.737154702017	0.817835417394	0.648527747869	0.641722811563	0.709613476067	0.622023005007	0.744182741901	0.688138971514	0.548425685134	0.729023583672	0.803759950777	0.609777891382	0.703994349557	0.623818643706	0.678104097684	0.603690906043	0.645955243723	0.663542767003	0.635937466032	0.638908047574	0.555610352532	0.770715603288	0.736102171794	0.622135587669	0.723535914622	0.690234895061	0.687676734791	0.658718564849	0.751679524483	0.712475366399	0.715191246935	0.786047780681	0.632011521017	0.637999693901	0.668256792393	0.591410424311	0.769487434742	0.803303765392	0.57577227004	0.671669758744	0.752353863378
GB2.141732	0.675901663947	0.735858984478	0.651855937447	0.682072096742	0.708413963655	0.636383707513	0.655643093619	0.610234843768	0.700002730301	0.667555300666	0.665652272039	0.682097391351	0.740517988335	0.642621594503	0.67996886267	0.732668871149	0.623341372459	0.0	0.775082411982	0.688870554812	0.676055856557	0.68824060089	0.661387493816	0.607597086439	0.670047933311	0.779703765637	0.677183080245	0.750647514739	0.623484681354	0.62669757464	0.602559593662	0.733599729428	0.633255674659	0.729659735996	0.685173860926	0.61653523879	0.667422392522	0.821225554081	0.679472527302	0.620625939674	0.700352616817	0.665433703804	0.762857146892	0.678182341541	0.67173916165	0.723718756003	0.804164367664	0.662543839183	0.665543803056	0.581433893612	0.684232020146	0.600125357643	0.698737015264	0.682860320975	0.652131136334	0.705365276823	0.604627866205	0.739322434495	0.70524648449	0.582434706507	0.664996001602	0.68299050682	0.640331372165	0.641694208214	0.742227921757	0.664927746447	0.720634700857	0.783679578591	0.654470462686	0.625308372382	0.717119644081	0.640280059461	0.794274220118	0.775648637707	0.559622627222	0.614305433278	0.728950719893
CF1.141675	0.812986636939	0.837320063487	0.834712886289	0.674162447688	0.678450758521	0.664310927521	0.85059365466	0.662677098668	0.61148908656	0.832354869493	0.676848023492	0.607275419054	0.653193169934	0.740453288116	0.844229918975	0.641919961292	0.767502371359	0.775082411982	0.0	0.630736643438	0.70272089946	0.84147640971	0.739354683306	0.825292150893	0.774349528666	0.543334793961	0.802200442506	0.590546637448	0.732619421176	0.786399687111	0.815186585444	0.542470460415	0.805380497004	0.579458381761	0.709207377982	0.812511956378	0.866965471866	0.552421212108	0.704236317467	0.837324910948	0.869710915629	0.751799779215	0.521535494816	0.657579411457	0.783001985872	0.58871135846	0.515065976451	0.804057888993	0.850246139602	0.827044333011	0.845014518631	0.833873906629	0.843212428512	0.820833254521	0.841069593399	0.796961645161	0.772280843384	0.657356779017	0.574320532464	0.780333122622	0.83482894528	0.830650595032	0.858134833359	0.710662185552	0.617180536299	0.810621436236	0.78126431231	0.404293230402	0.7014022024	0.762823532537	0.781126856237	0.798703856224	0.742008424564	0.589458144671	0.790531660352	0.774798292035	0.83558423143
IE2.141655	0.743433522399	0.754773504323	0.738160913689	0.658391763147	0.558858931696	0.541673731551	0.764298846136	0.596836885374	0.543481777647	0.776526652289	0.639496822247	0.47989618319	0.665469334145	0.608194611875	0.773973712072	0.651408064239	0.690142042235	0.688870554812	0.630736643438	0.0	0.599877936377	0.787131358667	0.627248498247	0.751973874359	0.728553305596	0.642549389954	0.733228319535	0.637807039431	0.649708301125	0.697238471152	0.738861666311	0.579565721282	0.730865162668	0.54425803595	0.581657928499	0.733273949626	0.817997421056	0.674269940433	0.685947115848	0.763739290086	0.800955974131	0.677496015144	0.52857108149	0.61467274546	0.726986341899	0.550400215536	0.62955533914	0.731132350058	0.797302761924	0.745029809238	0.764892547077	0.746524644815	0.77446656592	0.765149848035	0.747220316134	0.737660911419	0.662352212001	0.655470269853	0.520057040658	0.693052511909	0.777538138971	0.761739312987	0.781580357388	0.642001306845	0.638164066468	0.741417417782	0.728813952116	0.63083311634	0.576228181985	0.713001336898	0.729397231924	0.693363454832	0.691843377185	0.682527681303	0.680101711847	0.698198289794	0.812225527162
PE1.141715	0.663465828549	0.669421131806	0.703301083165	0.591793675006	0.616521494216	0.58316582145	0.704635022883	0.638052587844	0.597268931004	0.744395341089	0.578819790803	0.558068694746	0.691809618033	0.603444631008	0.754870711342	0.669319693844	0.623242849168	0.676055856557	0.70272089946	0.599877936377	0.0	0.735945230766	0.589150479962	0.669922969161	0.648116648306	0.70022096614	0.640165236573	0.671090618106	0.621399555785	0.604626874048	0.684741439653	0.632195598247	0.660890349453	0.672542391151	0.628435319941	0.659416722839	0.749842535442	0.756791960162	0.615387472817	0.719510061623	0.760033134241	0.602398447445	0.670648899432	0.575303225467	0.639638885207	0.646386009771	0.705980977831	0.625272690157	0.74312117711	0.683384968584	0.71336634027	0.674585357393	0.68667621711	0.694078278746	0.667573619094	0.663382372847	0.629975317031	0.695802101222	0.593745864836	0.64754038115	0.771150233203	0.653623339859	0.722642456745	0.69552814759	0.658474110331	0.657257953017	0.667308443127	0.715264498007	0.549822753759	0.665041350343	0.612926293276	0.638332318269	0.726505057037	0.719288011715	0.609250070453	0.670228874601	0.764908671391
MP2.141695	0.63347014664	0.676074798406	0.643247481759	0.720919494495	0.808249101673	0.766402038294	0.612499000458	0.771260560132	0.788591441473	0.62336276787	0.763332547854	0.778459933422	0.80426846855	0.745547617226	0.74767893416	0.788263977955	0.705303054667	0.68824060089	0.84147640971	0.787131358667	0.735945230766	0.0	0.723794376902	0.597129121106	0.722027603453	0.835900280944	0.704315477989	0.815491070112	0.733966792877	0.732477046048	0.617084342756	0.80223064274	0.664668430761	0.803467903997	0.786467201473	0.701777216141	0.642038183207	0.889759799944	0.719197928356	0.64185300661	0.552207990619	0.732959520961	0.822559234549	0.766679645665	0.710341677111	0.814998928486	0.865423349432	0.719107160317	0.537889349203	0.599168960117	0.504602947402	0.623247658621	0.658718277193	0.510259781049	0.623212537003	0.665184162615	0.69277749655	0.788739309443	0.792941611503	0.721221937391	0.688236678761	0.653037491707	0.640873567607	0.782197799431	0.775667676266	0.649342955388	0.663041218683	0.853244323975	0.762145761172	0.724279042572	0.745576110269	0.645027995919	0.820181658639	0.845974637757	0.684406530762	0.677832465217	0.727083408991
SN1.141681	0.722669292316	0.664407703643	0.666445560226	0.624046540029	0.718446940153	0.546033575778	0.666972515444	0.604691207198	0.650562129095	0.691027079308	0.625394618704	0.662843626164	0.736256629155	0.553624269786	0.765687213281	0.70871419488	0.588651090598	0.661387493816	0.739354683306	0.627248498247	0.589150479962	0.723794376902	0.0	0.641974484904	0.648436750066	0.753676819182	0.669257496813	0.709444503293	0.601801735613	0.545167674191	0.661832342717	0.726048713945	0.647099142327	0.729929941658	0.645866110722	0.672775625091	0.74973183201	0.793048432369	0.626848386808	0.654422472328	0.722989233692	0.606395257519	0.707074396756	0.661633322717	0.626997561369	0.682113381651	0.762935975032	0.652985948297	0.730467014239	0.671197554195	0.720911245867	0.653742154317	0.676392211727	0.696388233282	0.671471292497	0.65035304881	0.596622518765	0.742469788331	0.657562098624	0.624771923722	0.745657837648	0.67473348914	0.691188142688	0.667060806268	0.716092503646	0.723806234922	0.71481062106	0.75125224341	0.600731431793	0.635506466592	0.690445234615	0.617981450245	0.753809665376	0.793663945467	0.624195166828	0.641616391924	0.771957413642
DF3.141696	0.637023073003	0.630098615894	0.599981239423	0.676616025688	0.768641001292	0.695797327827	0.540085568675	0.694868688062	0.739925146104	0.622356753674	0.677973711639	0.744191811662	0.775265568288	0.669726072284	0.725325585798	0.76158687167	0.603926305277	0.607597086439	0.825292150893	0.751973874359	0.669922969161	0.597129121106	0.641974484904	0.0	0.658600516586	0.801746224351	0.660754483091	0.797465330717	0.662551151901	0.606910824059	0.557870166947	0.775409713594	0.622788614808	0.799713662029	0.719254527979	0.613152761383	0.618108249305	0.866803284804	0.679334870383	0.587946496101	0.608584404633	0.674941750589	0.804897303758	0.729798205722	0.650660459254	0.77981565934	0.842282482653	0.630169212251	0.605036445984	0.553323273329	0.587567574562	0.57726155031	0.649908645019	0.599734730452	0.589071694919	0.632171464887	0.640804713654	0.803525819704	0.77026573868	0.657380763755	0.69257442597	0.627402544014	0.575283035946	0.711973443459	0.789479089144	0.658498841843	0.713472058155	0.827671383787	0.692294732133	0.662807719353	0.688432939639	0.612360057963	0.819455495819	0.826460927544	0.603489604933	0.64583036031	0.715634151323
BP1.141702	0.674429968665	0.675065526735	0.689092598197	0.628997835814	0.761089651005	0.686347257979	0.699544582973	0.700610350999	0.711321015235	0.721311356588	0.643259254526	0.70630203589	0.744106653991	0.659954644281	0.767795932699	0.726198541154	0.6443241919	0.670047933311	0.774349528666	0.728553305596	0.648116648306	0.722027603453	0.648436750066	0.658600516586	0.0	0.778735077247	0.721286996206	0.768925201605	0.692660220365	0.654115190809	0.643269263864	0.733083850087	0.665298565467	0.740571039591	0.716217210312	0.687790564058	0.736037002214	0.808754961369	0.61358470994	0.675362733881	0.723429555393	0.61136729912	0.733012542393	0.725798964935	0.659072223517	0.74999317896	0.798290897611	0.652176636717	0.700961493152	0.676048009394	0.711663294575	0.67412301638	0.706613222021	0.682937472884	0.643411553766	0.654958519338	0.621721257394	0.754141539188	0.734541746501	0.682357096471	0.74722247515	0.651035134344	0.674003483208	0.736251257924	0.721597962065	0.656608106573	0.696158619389	0.789219036043	0.666612630579	0.635969432678	0.69089451173	0.682871278622	0.795351703021	0.770209292495	0.675704338875	0.658882309429	0.761093532874
SR1.141680	0.775403052507	0.810111921671	0.823057396979	0.666085959136	0.640873171371	0.637588955394	0.830952144308	0.698837565726	0.677416397043	0.84245753458	0.664543113278	0.611635726385	0.62914746769	0.716822314233	0.859386419018	0.665841619224	0.76853778717	0.779703765637	0.543334793961	0.642549389954	0.70022096614	0.835900280944	0.753676819182	0.801746224351	0.778735077247	0.0	0.770556282726	0.559556071119	0.743099932677	0.779299790467	0.804233564917	0.58038862745	0.785293996523	0.597728603684	0.674265256773	0.824330025828	0.844845974922	0.562546239735	0.720068988561	0.848765644341	0.844051645132	0.739391148841	0.641972547026	0.675060320089	0.779129780349	0.641042528472	0.613542262818	0.769449228534	0.831438161462	0.81336991845	0.821901627257	0.826465549434	0.809745529823	0.806100321707	0.818007813001	0.807231149248	0.75805680182	0.67115351667	0.622942954018	0.780826084231	0.851876995349	0.809284930785	0.839309410834	0.752247260956	0.634430057368	0.771693000837	0.739435629312	0.576543195686	0.64900992746	0.776202329387	0.765461511711	0.794880075962	0.739174890543	0.492659505447	0.768473603236	0.781748163162	0.859609891108
SP1.141656	0.66044650156	0.649054273784	0.638179440305	0.658958038133	0.665980960033	0.654492876306	0.647556908605	0.692481791413	0.700708786196	0.724432031374	0.68776758646	0.686932621964	0.740109792062	0.651442955673	0.779592741263	0.709010186346	0.647359717997	0.677183080245	0.802200442506	0.733228319535	0.640165236573	0.704315477989	0.669257496813	0.660754483091	0.721286996206	0.770556282726	0.0	0.727027374063	0.640041649867	0.662422940604	0.67238975845	0.753637835415	0.675568451464	0.72726932266	0.694421085889	0.700977979235	0.710969383348	0.835831053898	0.702363203524	0.700319503892	0.698246270321	0.653120209017	0.781410383797	0.677900284177	0.653111923656	0.752307545365	0.799974261431	0.599126399639	0.661574683884	0.679743032623	0.684903570255	0.652321399924	0.628411012002	0.688859585374	0.680973420072	0.681093475903	0.635536787583	0.734600960557	0.712691095183	0.679258975892	0.775127131701	0.650204860048	0.691242820519	0.749793454112	0.740786266049	0.66266999892	0.679002051722	0.789334747091	0.667930986705	0.693525649722	0.637420913402	0.585301072965	0.691311333593	0.809018588877	0.6334758034	0.707448124227	0.777302965695
LQ2.141729	0.76917646743	0.783325978714	0.808266264357	0.67275690895	0.597548688229	0.639350987083	0.821784732511	0.638774092157	0.617515764281	0.829995954955	0.639154526515	0.618855195415	0.562088689047	0.700609205659	0.810537340811	0.58972626899	0.769707465284	0.750647514739	0.590546637448	0.637807039431	0.671090618106	0.815491070112	0.709444503293	0.797465330717	0.768925201605	0.559556071119	0.727027374063	0.0	0.733050747348	0.74874541257	0.77742395008	0.630587544984	0.786171664305	0.609511939423	0.667004099098	0.811066360613	0.822341878435	0.554116527851	0.684831753378	0.825959713907	0.802448219049	0.718558664408	0.619184632449	0.622464766437	0.758502150597	0.61156139431	0.606653347297	0.72964219574	0.802393273495	0.807048337104	0.797804716893	0.793577021773	0.793874225307	0.786946902043	0.783952371298	0.782070576758	0.721917424676	0.589760855573	0.59273694079	0.775206075613	0.834430105313	0.774621373599	0.820071614709	0.739111641693	0.559185085837	0.777515991028	0.742532394309	0.573207041434	0.681876962433	0.747812600126	0.776356026885	0.768994811369	0.749725410173	0.623510458121	0.755947246057	0.736674780538	0.835258435748
VC2.141694	0.721955284104	0.685237160733	0.690232065423	0.601389031051	0.688845424001	0.545238070325	0.701836491614	0.528568528421	0.647237514114	0.704036627445	0.608903820701	0.632797877948	0.736405770513	0.55808440019	0.792310092255	0.718011947538	0.585201193913	0.623484681354	0.732619421176	0.649708301125	0.621399555785	0.733966792877	0.601801735613	0.662551151901	0.692660220365	0.743099932677	0.640041649867	0.733050747348	0.0	0.585305790179	0.668552383079	0.691865082423	0.656470525567	0.696716953057	0.68122573884	0.656289077199	0.753242643824	0.776624616573	0.62661983271	0.693273696618	0.761214081797	0.65564993398	0.69266820974	0.618605574788	0.655139375455	0.658853575764	0.766005696186	0.668031962983	0.728373887302	0.649822398416	0.73373074596	0.682995313099	0.704242670971	0.709889453115	0.698554724994	0.671351261779	0.59059631977	0.745034444428	0.688437745152	0.661223617505	0.747295821136	0.704495945368	0.695293729244	0.645416627586	0.71525758303	0.70619979866	0.73233350024	0.732477815021	0.595896219305	0.696367957657	0.66170676404	0.598279486436	0.717564263897	0.76394878127	0.610758907791	0.67809084277	0.773875167028
HJ1.141718	0.697809518734	0.678062459275	0.6681814162	0.669958308729	0.731064936463	0.59212958457	0.669096569172	0.618776509347	0.675160106858	0.676506465173	0.616184188104	0.691858377318	0.75632214782	0.577556533751	0.741186637026	0.750898346467	0.546832634952	0.62669757464	0.786399687111	0.697238471152	0.604626874048	0.732477046048	0.545167674191	0.606910824059	0.654115190809	0.779299790467	0.662422940604	0.74874541257	0.585305790179	0.0	0.643755157722	0.730682934679	0.617758749872	0.754481460991	0.639793877751	0.604792399101	0.72169704849	0.828617659821	0.667641043108	0.633533616436	0.72807515354	0.618440354859	0.753505438671	0.661106694649	0.59991634555	0.719160929105	0.795569587789	0.613049656383	0.733469029254	0.637573572102	0.71730108663	0.644697700809	0.682954221265	0.696584182766	0.650609703802	0.657003442277	0.558870682014	0.767981563748	0.695145819303	0.583395837553	0.733397526929	0.66662473227	0.669325286482	0.651231005053	0.763542680283	0.711308498771	0.723795148393	0.812050024848	0.596660870018	0.652942393924	0.65227643493	0.609542084859	0.743694309738	0.814158223624	0.61537252243	0.646769167039	0.725180778938
KP3.141658	0.596307358025	0.63062593102	0.632139601916	0.662867087215	0.741045611673	0.695091607803	0.617701907552	0.696518184205	0.748760214145	0.67660349476	0.666532026187	0.737240933539	0.765099752971	0.644989351228	0.748551142549	0.744349111677	0.597228595026	0.602559593662	0.815186585444	0.738861666311	0.684741439653	0.617084342756	0.661832342717	0.557870166947	0.643269263864	0.804233564917	0.67238975845	0.77742395008	0.668552383079	0.643755157722	0.0	0.757936224245	0.634660300825	0.776931124267	0.718834360547	0.61506199547	0.698180421679	0.84903902367	0.67569214621	0.629401542301	0.608578827134	0.64681616765	0.784269238492	0.720431182785	0.628754420828	0.76405875267	0.825867482179	0.589010834311	0.625021846457	0.596434239539	0.606722802653	0.579439468036	0.623377328672	0.599623341024	0.523715449539	0.617366795974	0.590100828513	0.771830239085	0.762375034306	0.661804813596	0.712117205014	0.616998333107	0.629156812392	0.719653175639	0.762868806889	0.614679635777	0.697216433251	0.834156019621	0.69162565452	0.641795913721	0.703907514435	0.622418152425	0.801318638142	0.824258921559	0.58097626721	0.657992864828	0.736120988626
HJ2.141717	0.720485162105	0.802093609619	0.780139351571	0.647533638503	0.571543646161	0.617670646302	0.807862557002	0.66184830436	0.547596128437	0.817650699775	0.590313259013	0.568115468658	0.615216219473	0.704520734848	0.810345356516	0.63898382778	0.721074140996	0.733599729428	0.542470460415	0.579565721282	0.632195598247	0.80223064274	0.726048713945	0.775409713594	0.733083850087	0.58038862745	0.753637835415	0.630587544984	0.691865082423	0.730682934679	0.757936224245	0.0	0.755600219986	0.516604705551	0.639538420583	0.771838694191	0.801880112113	0.618973271602	0.676303888697	0.801394358807	0.810821142932	0.681150396238	0.523039158543	0.586925835951	0.754509699513	0.567001172179	0.546373995501	0.717742812962	0.790306409885	0.788984885041	0.796890549712	0.784467885947	0.789553756507	0.778906971914	0.769145409296	0.759316154374	0.720388122672	0.643869106092	0.501972746218	0.728669039614	0.813171915587	0.774580664774	0.805970161596	0.67119437694	0.637262339946	0.72005358344	0.721191392978	0.608612545888	0.616357115176	0.757916228678	0.754263677937	0.767679974814	0.714647231922	0.631015058008	0.724990931911	0.742017651724	0.823662652112
SK3.141716	0.691033640899	0.672000756971	0.639273360196	0.674060604231	0.766102842505	0.679578148387	0.641551120261	0.678140769177	0.702543391161	0.655181469635	0.710211899054	0.728633994458	0.770222729651	0.67109306704	0.755723017533	0.743015633589	0.607615011168	0.633255674659	0.805380497004	0.730865162668	0.660890349453	0.664668430761	0.647099142327	0.622788614808	0.665298565467	0.785293996523	0.675568451464	0.786171664305	0.656470525567	0.617758749872	0.634660300825	0.755600219986	0.0	0.789090197784	0.72398302997	0.640089711508	0.702841764811	0.839808721493	0.701743588686	0.629184384416	0.700290967667	0.667427869824	0.787214982166	0.715642325755	0.675931615592	0.765735331514	0.830881862167	0.640455816126	0.677799772269	0.604920778591	0.658684218843	0.596932852198	0.694016495009	0.685439005767	0.642135658303	0.682055860074	0.639750839706	0.771834413665	0.752405977806	0.632911670833	0.677649207315	0.652531892876	0.662693170566	0.702876215265	0.750862572713	0.682526116327	0.696699212728	0.815576385655	0.665932272809	0.664471831779	0.702937930236	0.613623202715	0.788009019229	0.814816141547	0.633551573127	0.670985738666	0.731446453254
PE6.141700	0.72891854487	0.794292127076	0.79406145742	0.656680458992	0.522018264444	0.61825148623	0.820854176147	0.650324460513	0.581966793072	0.824706827504	0.643272132995	0.536043321049	0.624402681599	0.688940774769	0.809876808379	0.643138656695	0.749027796836	0.729659735996	0.579458381761	0.54425803595	0.672542391151	0.803467903997	0.729929941658	0.799713662029	0.740571039591	0.597728603684	0.72726932266	0.609511939423	0.696716953057	0.754481460991	0.776931124267	0.516604705551	0.789090197784	0.0	0.63455912951	0.779793205568	0.826114573011	0.635835640272	0.72647377613	0.80922700338	0.834298724387	0.693655429542	0.547790325281	0.634272988444	0.768768311298	0.579663232333	0.565846823555	0.748295941126	0.794519808378	0.786882590462	0.808979524108	0.796740483967	0.798394037268	0.778216727496	0.785065566577	0.771172708135	0.721556641711	0.63394114837	0.500724618998	0.725871280208	0.819685870074	0.780238317767	0.800196689276	0.715753341413	0.609996435068	0.738313968938	0.717144460514	0.57177793702	0.638954918676	0.743193110426	0.751956735488	0.757466634021	0.689795821397	0.636717876649	0.717487481093	0.746633797894	0.83111236267
